0.0,25.369098247066773,2.017694821023319,-2.112803825421377
0.0,14.710832655503399,0.7677726730198488,-3.847870646549793
0.0,21.674491650278842,-3.6770605660927456,-5.8650277608655195
1.0,11.401736606872271,0.14695571418492692,-5.245146121144633
0.0,19.86063514927061,-0.07322006725678834,-2.1630104266635755
0.0,22.00668851748685,0.35939478404308867,-5.531463679237932
1.0,6.548007678960396,0.6954341619358686,-6.255495405581833
1.0,8.391798570985857,4.151854519718684,-7.048928917226763
0.0,20.340005028590593,3.457048462262318,-4.24059311720936
0.0,19.899036054865714,1.4966010906005787,-5.268443659172815
1.0,3.449332344747977,3.3070291486383034,-5.270996400018501
0.0,20.803997452045998,-4.791605163992476,-2.3184114163524967
0.0,25.6555075376781,3.3556857892523047,-2.153079396006844
1.0,9.804132931945363,2.373873472681698,-7.2157656871044615
1.0,4.162369730841239,-0.2259252904390463,-6.981090525124846
0.0,18.44215645224767,-2.477367457904282,-4.595818896339902
0.0,18.70515745480891,-2.636551296890808,-3.7212713930139545
1.0,6.559220103611112,-1.3845668783492222,-6.181791646698327
1.0,8.403126965548834,-4.075654351574209,-7.267767218055037
0.0,19.546933180993356,-2.5254924503793785,-1.2299068593807
1.0,5.17944228163411,4.106378511276062,-7.308095086933314
0.0,21.720644379049155,-5.784038511472225,-5.336243434613749
0.0,23.093285687075753,7.979984508832354,-3.905012175756601
1.0,8.757976678658945,0.6204541060088912,-5.746273869937811
0.0,24.134408561025833,0.5524779247048639,-5.666504658306078
0.0,17.76502224239861,3.2240947504625628,-4.454720715087687
0.0,19.65221381220419,-1.9093532352138856,-4.566461900893648
1.0,10.186866173212794,-2.723074239916937,-6.650524569823538
0.0,17.36837916967597,5.688029224121175,-3.1886008535344246
1.0,9.84827365405327,0.036238131552889685,-6.543892808467085
0.0,19.363042709599807,-0.8695993419003563,-5.805137293152283
1.0,10.481987544512261,-1.6436555925821645,-6.730013426706351
0.0,23.246883677705483,2.299084217897488,-1.6461330368594123
0.0,19.298864230729862,-0.12539106769615044,-2.8179315843879014
0.0,19.57239386614029,-1.5346954394353798,-4.606273004089404
0.0,23.79121839377928,2.0889604192754887,-8.388029082276548
1.0,9.117658945277508,4.216404003753686,-5.943196316301661
0.0,20.728766623565317,-1.4684974401684996,-1.0846217495105193
0.0,18.43553403373554,1.6701140689438363,-5.691215020168295
0.0,20.494130286486175,3.8553186573383478,-3.8673985925081165
0.0,19.385978122766794,5.57068747763269,-4.6611176079175305
0.0,20.789221679800967,1.4610933802386956,-4.254783595569632
1.0,6.591909850619535,0.48160013849826466,-6.734347688620964
1.0,6.309056825574875,5.110286517917977,-6.153780306009949
0.0,20.687992171097527,-3.8005586405103737,-3.1092457240816325
0.0,21.82630913229775,0.764626103442709,-2.4296175500380333
0.0,22.094862411769498,1.259954235839928,-4.751345186117315
0.0,23.11776787453482,-3.0069802627173168,-3.6674652041467133
0.0,23.351640549543966,-4.636082154250875,-5.0594006301923855
1.0,4.260625035230632,3.5875308540888082,-4.748176693894946
0.0,20.171065545587563,0.6575151417684424,-4.248016028329384
0.0,20.588571838224716,-0.11303102687552496,-3.3927320894697846
0.0,22.275015240256657,-1.1806602884266872,-3.6185007442035197
0.0,17.9788236443862,-3.2016793501448744,-2.3064064871980063
1.0,11.922087693203425,1.8877631742948817,-7.537986035112925
1.0,6.449221505476328,-1.096655307675678,-6.7671087273978126
0.0,19.83636430656452,0.5929271343158712,-5.397162279785116
0.0,22.997196398386635,-2.18880860997847,-1.48371805596088
0.0,20.1344614877139,0.6817364151392692,-3.87323305867651
1.0,6.506831867222828,1.0824152369149431,-6.544216861411403
0.0,21.72556461762518,-3.3403393826415733,-3.3095663999175233
0.0,12.448242469906369,0.7912459924605858,-4.225104113927537
1.0,6.393423278323757,1.966433585404047,-5.029255937333742
1.0,5.629886542450825,2.8349820054021904,-6.32291329358985
0.0,26.750380550007026,2.796076057310419,-3.282090637404199
1.0,11.484527150793596,0.7674475955309591,-4.181759971777975
1.0,6.07630622492437,-2.1921092730678855,-7.1420062980026895
0.0,20.73043492600543,-3.691634263114559,-0.931846022919268
0.0,22.124732783826435,3.580899067462778,-5.286018478392507
0.0,18.596042117093475,-2.0078228597272063,-3.9706219263187617
0.0,21.954388817802858,-1.4432290073241236,-3.8651860361814045
0.0,21.142274548794063,3.9849652624511744,-5.826866420230266
0.0,21.220077738854894,2.573705592591909,-3.589388548343891
1.0,6.025987810149108,9.880188437650146,-6.825357559246523
0.0,20.69737067364347,-4.513336371031416,-5.369828350875268
0.0,19.806652259356607,-2.8994999623525315,-4.350148074002463
0.0,16.994103818768924,-0.10203624160754157,-3.506081068871107
0.0,23.376019969010294,-5.22088811353711,-3.15772480886795
0.0,19.55506360812379,-3.2991117199756914,-5.202523743550187
0.0,25.483157734680724,2.0491975178044703,-5.148005318172429
1.0,7.508409840078079,0.7362739818296529,-5.360163027378562
1.0,7.2549326350237635,3.0930618042233307,-5.563093542298018
0.0,21.607556688144413,0.14383865904833637,-0.20589765152054085
0.0,19.779651628644157,-0.7988973455849296,-4.284925286933149
0.0,21.53370694434352,2.5616354074382426,-2.4885427641109166
0.0,20.18858318955274,0.7886041576091448,-6.190474380769237
1.0,2.079673144520166,-3.8647160280656934,-5.238999222871243
0.0,20.923876243091375,-2.5686593855099766,-1.9098688065778826
0.0,22.444493966739625,1.5748983057485502,-3.523890942648945
0.0,12.240032947063941,-1.752963437333928,-5.383489890253125
1.0,9.43360717727416,0.42566032364134554,-6.904262619665247
1.0,8.654899652801914,4.331390254496547,-6.6513156959716
0.0,21.997424311993424,0.977714972524886,-3.151442427530469
1.0,5.254280418239574,2.6115392042633117,-7.303779855379503
1.0,10.079900816639238,3.7239057103861355,-7.000751061181917
0.0,21.060366606059695,1.2812700582739511,-3.9054696896685352
0.0,23.95604645045851,-4.441392063763015,-3.095063292772153
1.0,8.376239365233053,-1.1723496095823704,-6.302886909543674
0.0,21.68415667999083,4.191288253127752,-4.155368749314935
1.0,7.849663455967386,3.35488544736512,-5.815928240748162
0.0,21.349366115996055,-4.7873743659921,-5.999200769856594
0.0,23.6363964791581,1.1366578426242322,-6.154186473388583
1.0,8.387188531522508,-0.006584535731932517,-6.012677023408683
0.0,17.138857864925978,-2.982139263444211,-3.3373032332348354
1.0,6.964445345421331,1.1392088468637305,-6.354491287227319
1.0,6.930518358881546,4.3180067994464135,-7.313229089197907
1.0,4.334551225889503,2.4089998099265673,-5.104995289272738
0.0,21.383253990135035,-3.6627867206428912,-4.313680854070539
0.0,22.131504182224358,0.024910357208260514,-4.23380226517825
0.0,17.37448205527872,5.969328433982792,-4.892619061911287
0.0,22.42651218482099,-2.974227601571341,-5.05678307160002
0.0,19.757845943454914,0.818500124406795,-4.6158677691321515
0.0,22.45619642773184,-1.739251093631061,-1.72731461479935
1.0,8.058987812742219,1.3521287123883763,-6.486382234805903
0.0,19.036274222012267,-0.8412979492333691,-2.369998297934724
0.0,18.721572514432697,7.559977435081727,-3.6394343623184557
0.0,24.244190400148497,4.130889040177718,-3.816316734764079
0.0,22.64605748641981,1.027387636443799,-1.3782379762486743
1.0,8.21640875328119,2.4960810709573806,-6.879705904709059
0.0,20.40431073947006,-0.665427745277733,-5.0017876338389105
1.0,9.521665796687596,-0.1698264138066008,-7.863180962258734
0.0,25.05755717961054,4.75668708463463,-5.607765769723417
1.0,7.405506516821664,0.9666853777659168,-5.846971047048601
0.0,23.978191460959565,-1.620021426504521,-3.0316656084502607
0.0,18.08748750374205,-0.9489846324765322,-1.430166384376165
1.0,5.151493793918315,0.5118052139096055,-6.4166676250589365
0.0,27.297635465783042,-2.581398489247883,-1.34572517813061
0.0,21.768162419329062,-4.7110878359173,-1.0890406934013037
0.0,20.27931276629344,0.9182905664255435,-1.7927419627598309
1.0,7.63306247313003,-0.539941483973313,-6.460404640732302
0.0,17.964004324586547,0.2724582011690254,-6.060344819443367
0.0,18.85629307214916,4.662654408331187,-1.7125381848440133
1.0,10.944350445034708,-4.4211007635346125,-5.891075319199206
0.0,24.908646069790954,2.9416845778950624,-5.320207958563414
0.0,21.10922483052414,5.223632576536733,-5.687233420444969
0.0,19.696438662851683,-6.832922588277517,-5.966309334827146
0.0,21.683760478855824,-3.254839436166783,-1.9999752901549759
0.0,21.677139202520465,-0.4093480284982259,-3.146452207235779
0.0,25.182925476587577,1.8367018490394074,-4.214124033243294
1.0,8.723074610130658,-3.543948994139245,-5.823799476174798
0.0,18.83588036176949,0.09210006311727331,-4.629017423675084
0.0,19.21197284637015,0.5455807338465325,-2.7986882041267496
0.0,22.85958436099195,0.9649703246139952,-2.6898403372584516
0.0,16.76378790479224,-2.6409876775711756,-3.443670074650849
0.0,17.4844013298695,0.698298901430206,-2.074017838682
0.0,24.278083937959742,4.647616101856964,-2.717165562519779
1.0,7.931109474660913,1.4254172403419698,-8.1093625617448
1.0,7.455471007274358,1.2529181269917296,-6.2750239365556935
0.0,18.61655372706245,1.042333726140313,-2.2285528480230967
0.0,18.11646558187176,2.960395225360692,-3.8010529548068064
0.0,22.653527159261948,-0.22189421282594562,-3.3461135477914183
1.0,10.323611975870923,1.0909901382342302,-6.446302985757733
0.0,17.773657979266027,-0.5737907096127517,-4.76626003518945
1.0,6.3309516025830535,-0.5133223466202681,-5.980946906558147
0.0,20.225076766493746,-2.395543474032332,-4.061862898082025
1.0,8.602888735030168,-0.7779563204614814,-6.685389116508125
1.0,5.679361393686719,2.7767573248026527,-7.087166153874609
0.0,20.296006812232353,-3.902492040123181,-4.955827394506258
1.0,11.601744830698326,1.71303323023063,-5.942762067861881
0.0,23.594100947954516,-5.210524908064781,-2.931261866529976
0.0,17.970342608856587,1.9279283992369778,-3.7534162992060343
1.0,6.710782391998519,7.214745936074042,-6.429931485982966
0.0,21.17770044093587,0.3133951046806547,-3.391244928385743
1.0,7.573214689904249,3.562026330713076,-5.709658932217686
0.0,23.035625871285905,-0.3084815413745586,-5.229833689134793
0.0,22.023645608608312,1.6795194848739188,-4.570816622063127
0.0,19.1239872749665,1.8915136058989948,-5.123990978518145
1.0,10.018004309584589,-0.9486785357212213,-6.811390103688494
0.0,21.427538408195456,-1.296404709556977,-6.314788649960768
0.0,23.58090763631291,-3.5865067544022473,-5.0672860467050445
1.0,8.47222505429412,-0.9735056226400345,-6.335797962586183
1.0,4.864396015159462,-0.39107726446416424,-5.911041539839965
0.0,23.527019125989142,-0.8009786989384372,-3.804759817248499
0.0,23.547112825251517,2.513368376553796,-2.014533121195364
0.0,24.501032646623923,4.12538666767375,-3.1819406591234163
0.0,19.69913187471171,-0.3729598133650051,-3.995204222254682
0.0,20.389526787478314,0.1497806311405307,-3.5005761667905264
0.0,26.615572615625776,2.7993401450560182,-5.207767172521336
0.0,25.964694103029444,0.9817530519377345,-7.7240485101989975
1.0,8.868232326965837,-0.7204170215497785,-8.425614470856695
0.0,22.024990227373895,-3.9570825850480804,-4.2567248557365875
1.0,8.946986831754437,1.227730007211432,-5.553157475903298
0.0,19.726927562465903,-0.0870066112591735,-5.346860634170758
0.0,21.49367253967971,-1.7132899555447687,-4.795011185440146
0.0,16.886787900891818,0.01199016643523021,-5.32350787141471
0.0,18.68431452973433,1.9366433576239528,-4.4371087044262
0.0,16.80580341347912,-2.5001155201328475,-4.234837677715516
0.0,20.38635690429708,4.191058062611412,-3.3540085956497516
0.0,18.09736010866503,6.738024330969165,-6.174152094555502
1.0,5.643544702825059,-1.2323118291508561,-6.491904512469123
0.0,18.23563896318605,2.043342523582062,-4.935480617998406
0.0,17.191996093374918,-1.2148333907963096,-2.531479800583978
1.0,8.034989604621208,3.9888043026636315,-6.386891899957783
0.0,19.222250343394176,-2.750416061684382,-3.1091206712533754
0.0,18.73216942535511,0.6012894341752185,-4.98740557725834
0.0,24.281033115128366,0.2908865363555595,-0.810199629256489
0.0,22.856948391016946,-1.2215187773154246,-2.2895735836819657
1.0,5.601073032177775,4.111520944940045,-6.746796235164129
0.0,22.35930114935507,-5.042899433244542,-3.3238229398590193
1.0,9.304833852712521,9.50453581885357,-6.221094474501572
0.0,20.22331710789454,2.320118075315144,-4.119545608393476
0.0,22.113284335238387,-2.271020762957081,-3.0887750794498836
0.0,18.4221600958343,-1.3712065280617267,-2.8231902095173433
0.0,21.216032344911646,1.1929885749488127,-3.094009119507698
0.0,22.666743995623687,1.7964090679736673,-2.4737467006984972
0.0,24.010774067316706,-0.6420032113293883,-2.746323154868237
0.0,22.187084764108064,0.8841560082061387,-5.021624026331557
1.0,7.043522081427537,2.945739169661331,-5.85825127976111
1.0,8.69920425892817,-0.3390469049067668,-6.381439785277715
1.0,9.478585791077746,4.2299155995982884,-7.113485219829473
1.0,5.51964818752206,3.2192105783514076,-6.25128775968924
0.0,18.717641449984352,-0.29557611302805564,-3.7778599405590025
0.0,20.910690046848735,-0.5363007219286577,-5.877542069885129
1.0,8.207795716503608,0.1778779616444216,-5.814579780094473
0.0,19.808994235031715,-4.093332164176597,-4.35581391699459
1.0,7.6430853239116425,4.707742342873326,-6.034172291114081
0.0,21.89060185606569,2.3663522286546157,-2.5716927531800957
0.0,22.56913162491268,1.6954156896470032,-3.799290613853028
0.0,23.703087471566896,5.309679672453474,-3.7679908538553146
1.0,9.497459249854506,-1.1383030150636588,-6.937863519834759
1.0,10.043550885702192,7.265313667162467,-6.326536043170997
1.0,10.69729229502612,5.937948353473276,-7.803354085578821
1.0,6.156135218398411,3.5219444128254627,-6.172462927631527
0.0,20.625524854286326,-2.2305590323974864,-6.6471151365210055
1.0,7.961370794108657,2.6505980893591765,-7.6152220103752475
0.0,22.98158040973004,4.00976322443682,-3.3408674197582777
0.0,22.681493333522624,-3.325040721489476,-3.8897301880177517
1.0,4.322905565824435,1.156161543620354,-6.426853453808287
0.0,18.419976010200713,2.215319098382154,-2.687136337073039
1.0,7.080986811304279,3.470404151058356,-5.929792033524908
0.0,18.72467630749105,5.717356728128284,-4.229868548601647
1.0,5.740065489905262,5.4109646815316,-6.403958090423021
0.0,18.13314526070192,-6.989231183724657,-2.160053475025678
1.0,7.309314971260932,-2.399385328569411,-6.973937729394994
1.0,7.0709630389076406,-1.5633784666924226,-6.124168305297385
1.0,10.447758119170917,2.613491374342204,-7.008268742581883
0.0,24.96397311951143,0.7338834211062967,-3.8118199501105914
0.0,21.187617074472502,0.34187476276774087,-5.211280037212546
0.0,22.22526822641028,3.85670441981122,-2.8666834775147327
0.0,19.932785700831158,-8.961255807296006,-5.699142336972064
0.0,25.194341367804626,1.4843974076892863,-2.6026018817078698
0.0,21.563944731532416,-6.897902502045285,-2.207298193058488
1.0,5.017541929271282,2.2035892160684245,-6.526528079437039
1.0,7.936857456277024,3.045151413427095,-6.332121948851149
0.0,22.63536795501895,-3.1967769005849536,-4.386802096777042
1.0,9.631154831284572,1.7267124571989392,-6.113508210193606
0.0,20.04225320810748,-0.5359060940659078,-3.654197556410454
0.0,18.49283345705358,-1.8580164657026654,-3.7860120303593083
1.0,5.849925488102804,-2.000266129333904,-5.586297621510895
0.0,20.769938999194913,0.28512524292703434,-4.968700600389164
1.0,10.736940871362263,-4.286994463117121,-5.826532383364417
0.0,19.747168148998355,0.09404824527277278,-3.901630881041971
0.0,22.78696291712,-0.31890880694959345,-4.430195368521492
0.0,23.041377096289477,-0.4863379368234797,-7.117713904920414
1.0,7.631021802853658,-4.800297924429611,-5.736879956814907
0.0,24.765534695203833,-1.7512266919748587,-4.72606382897031
1.0,9.101186188154365,3.6934238423597305,-5.396116843167309
1.0,7.257521502909496,-0.5999462511792164,-6.447674852142286
0.0,19.88651151702922,-4.425736784432012,-4.749118342951191
0.0,24.741719708640865,0.6426800645480066,-4.1635075567322595
1.0,10.668300982533372,3.649571239750977,-7.269032169919511
1.0,6.81112938163479,-3.0565717931357854,-5.512704798817721
1.0,6.2339550674615465,1.0834691149570266,-6.900391632389678
0.0,19.870119792223853,-0.5082658006197918,-3.9675538720754218
0.0,17.887160238616726,5.360379044629792,-1.6743282984795478
0.0,19.662265928660123,-4.4537235837517235,-1.9059342510180985
1.0,8.586167076896214,-2.6990704443750695,-6.547775932208093
1.0,8.881194056974671,7.521440818245381,-6.379757546700194
1.0,8.897837337346672,2.6209738133647233,-5.363715370335006
0.0,20.72689914062177,-0.3273896408810357,-3.3647481535059964
0.0,17.792262966688412,3.1608515601483798,-4.2482316319400315
1.0,1.8575700811401177,1.9425480249179237,-6.318708494158968
1.0,6.864320007540732,-0.5310600471524445,-6.025682894117683
0.0,21.71484001930789,0.222162963980985,-6.680349024649174
0.0,24.667680399912904,-0.33403356760246494,-5.840035743430036
0.0,24.196748140451326,-0.45918095788059066,-3.9967673656716083
1.0,9.801297751519852,-4.240289835859325,-7.729736913593864
1.0,6.438642758971709,-0.15102906626818924,-4.810595921610562
0.0,20.038598226064657,-0.19895601859787762,-3.8297145622429802
0.0,17.96611169266099,4.797837110331258,-4.195021361860416
0.0,21.912326769007496,-3.0219249967095494,-3.4540628180361215
0.0,20.61462387327614,-2.0059621682066404,-5.559017140656007
1.0,6.473055825667568,3.4178621994033334,-6.664891553315837
0.0,22.564071979488787,-1.5801807693505237,-4.208483416425789
0.0,25.10938044570919,0.5953112580281539,-3.5851070814168597
0.0,27.381006571891206,-4.724855749916564,-3.3781164366916565
1.0,6.395250457686142,0.7362831840905439,-7.518075407277877
0.0,20.127408130238607,2.8044056147574334,-2.9056791000803797
0.0,19.257774724769213,-1.8867649296563762,-5.6143412631021965
0.0,20.06333294197057,-0.90453250188694,-3.7721811782404218
0.0,19.63170357747094,0.38812149470546453,-3.172016444493425
0.0,21.607829860285324,-0.3445345137591234,-3.737705262623467
0.0,21.089093747177024,-2.5641408474946656,-3.308614281310846
0.0,23.393296701920292,2.114983857534964,-4.554144208451565
0.0,19.193440118479913,2.4379129998022515,-6.6936408932699445
0.0,22.613538731687296,-5.1269468765149,-5.570376896670297
0.0,21.78615727079697,-0.7095097979027734,-2.7905018218743596
0.0,19.1691935777373,1.0844082742030579,-3.4209341340192503
0.0,20.02069082129891,4.428720080280152,-4.617154618404329
1.0,4.864418302239648,-0.1878898906570745,-3.672578515987798
0.0,21.226887901079568,0.25434298767142893,-4.973347808654717
1.0,7.675350354354212,3.543108157155831,-6.490933631146128
0.0,19.472185238203007,4.152086505104794,-2.446625986185518
0.0,22.3862251463745,3.166365858747724,-3.600240038257361
0.0,20.902196363236357,-2.304220310054464,-3.6668320710805653
0.0,18.291685075348422,1.2186573039696067,-2.8937181179568627
0.0,22.90386659445948,2.381335794089576,-3.002826321161142
0.0,20.576177338395205,3.2541353861017592,-2.3817059953670463
0.0,22.016157063903943,0.8640242935991936,-3.5106844257327667
1.0,6.288979160916429,3.7832020077918385,-7.560159873574049
1.0,9.534750246118818,-1.8090750593344809,-8.114954911302798
1.0,6.559777740779983,-0.29793329425609616,-5.637413180939141
0.0,20.096166941116905,-0.7888076627826549,-5.337358009477993
1.0,5.275669983981889,4.6759952744977,-6.176970395350032
0.0,22.398371484221478,-5.333104999121569,-0.6555433775568611
1.0,8.579566139330812,5.351421835976117,-4.607140589087931
1.0,9.69710344011884,-0.43350346065523593,-6.5674956940301605
0.0,21.552652450965915,1.285163992413731,-2.340328242784345
1.0,8.86367783748398,-1.5268997398380493,-8.121857809669523
1.0,7.989164185565166,1.6599178342119258,-8.312843339739016
0.0,20.53862596626392,-0.3990472490960602,-2.0563338946215315
0.0,24.143139581450253,-0.7945592984556248,-2.8685593138720598
1.0,8.300380623612542,-3.8204213326986567,-7.767388335170832
0.0,22.56923252058608,-3.248030332043374,-5.039586078664609
1.0,6.791323436526031,0.14773112356414453,-8.415274275186434
0.0,20.875511621774578,3.7241757309176964,-3.3460048709235446
1.0,8.680980180317192,3.9526155356782904,-6.380387837364304
0.0,21.775164724137174,2.9433128394924215,-3.887417204145056
0.0,20.927077719126792,-2.880648478689042,-5.752457032771389
0.0,23.701649450904114,-0.10185067700078568,-5.710757714098909
0.0,19.650500831569694,-3.293367441085748,-3.3728866778802504
1.0,9.31088629762353,2.595117376001931,-6.551356812047117
0.0,22.912726422656743,5.359806237170823,-3.839645622494164
1.0,9.285544366446313,3.276693658703715,-4.969728318825485
0.0,22.13690563551598,-5.275995009873981,-1.8524862098344244
0.0,21.597179520091107,1.0671643680990508,-5.350296929542583
1.0,11.014623047083854,6.593658190811576,-7.42909896156193
0.0,19.220420506514774,-0.06297940630743057,-3.0303966542022223
0.0,21.551176229939404,-3.6561983846655033,-1.3155800607100847
0.0,19.861056068469303,1.1115511578972979,-1.0516093925634271
1.0,7.535872384230139,3.723909705582016,-7.595846149337901
0.0,20.198552617933156,2.1312278085358423,-5.370085531133345
0.0,26.7577021623412,0.7584931882170097,-2.637979806912098
1.0,6.9981228462318406,2.628258593841258,-8.05912077946941
0.0,20.775570566334718,1.665895435625357,-4.662800629779393
1.0,5.186802032513047,2.195093695241906,-7.004019812873466
0.0,21.619619996292077,4.945285194652074,-4.8089071115364765
0.0,21.58071909933744,3.122486707633037,-5.478812435563325
0.0,23.954558082119142,0.41867024309321565,-1.4115993058288012
0.0,10.815148042236654,1.1936762713484055,-3.209866203721813
0.0,17.85078513010859,3.0861046330402933,-5.148047256297933
1.0,8.764395831941513,3.552206890476368,-7.093732241291664
1.0,5.750743121929864,-0.35540046410689774,-7.364746099724298
1.0,6.283060603614274,-1.1268890726641718,-6.006739470461441
0.0,18.02795978699655,-4.9965396176764845,-5.308751999246854
1.0,10.768141937055475,2.56354333662557,-5.537539731267216
0.0,24.031920395832202,-1.1662159954607079,-5.241857772896438
1.0,6.7561486890034095,2.569719211932036,-5.107737085115923
1.0,3.681570306600357,1.2932826789119731,-6.2570780601566245
1.0,7.600596267624099,2.289446731233836,-5.68025048892792
1.0,5.760570023431926,9.279740508604151,-5.328591292677992
0.0,25.7183852357562,-2.513851331900767,-1.9247215615107973
1.0,8.718772366135688,0.24375256210616048,-6.306340322704411
0.0,16.993727654157286,0.5216498200002798,-5.508061680641395
0.0,17.628334285990803,1.401478816395477,-4.08737576089962
0.0,19.168983794631067,0.7049245268392406,-2.779672118925187
1.0,6.828784026615293,1.353936653597494,-5.416816507357012
1.0,7.298289575956402,2.586134384089199,-7.003358057009062
0.0,18.58557610827933,1.104797087555652,-1.257256722660923
0.0,19.85031453055356,1.7021864234026087,-4.670050535739206
1.0,7.283772914925478,4.197665233837338,-6.214745005769251
0.0,21.923568892434634,-0.3272430248806353,-3.6294814069686248
0.0,20.414595432611385,-1.504648705003222,-7.041612111301159
0.0,23.86605070871039,-0.34353753850651303,-3.565544680972302
1.0,8.646347983978558,2.8406756691407247,-6.223243090652844
0.0,15.612493798759473,0.8639449390945891,-4.799708792335333
0.0,18.693104018636685,-0.6639574647740032,-5.942505436342959
0.0,22.556668800428096,3.0035150222693554,-3.5841204338711
0.0,17.812471081648795,4.846775391219654,-3.602253185700387
0.0,22.100135892309016,2.9148768090342876,-5.965346883963973
0.0,21.820980661171976,-2.8439055993073814,-0.25458561888836106
0.0,20.213215220453716,-2.6393212328247544,-4.950219099801291
0.0,19.10723429377174,-0.30746541091489965,-2.176068686495322
0.0,24.17778449075246,-5.366225492243421,-3.3321618090409046
0.0,20.671690874761858,-0.047952357288922165,-6.124568675806076
0.0,20.287162038962204,1.4381406827462078,-3.707899904342838
0.0,18.447633697624727,-2.720266991198258,-6.244108909677986
1.0,10.289497087215102,6.3195354937815695,-5.967357467946542
0.0,21.19557507608698,0.17340294512927668,-2.5793478833784063
0.0,22.600437237960943,-2.6291547641096185,-4.9972597025585355
1.0,8.146555299258425,-2.0186457279829613,-7.496338404143245
0.0,22.273704644711568,2.582885849832847,-6.556682690283375
0.0,22.270114425372515,6.883646347561185,-3.0664666382838948
0.0,24.299511947181244,-1.8992773846869184,-2.264443868780303
0.0,20.272472058154985,-0.1713892363385625,-4.405313940924022
0.0,17.316665022423734,3.4791064962209193,-4.239392606461889
0.0,16.51423048644752,1.076817252974882,-4.904965113692919
0.0,19.231153029813115,2.831178919337939,-3.33811033987684
0.0,17.752397760524467,-3.1338845269785245,-5.889485267561568
0.0,19.03648640528042,1.488583253031523,-7.042269671430067
0.0,17.024302333933854,1.1263387834333836,-3.7068737452696117
0.0,22.414426178996475,-2.5056361835846457,-3.9658996864933265
0.0,19.438708392455517,0.10824288870886534,-5.887629533560605
0.0,15.011924454810584,-2.232643711978958,-5.022207546284986
0.0,15.589401833435048,0.025158077027337744,-3.5016454521690195
0.0,19.841790326469575,5.416036792454339,-4.030121607493817
0.0,22.106086939390153,-2.3558822272263,-4.6373034059081295
1.0,8.313601868061282,4.748059205128246,-6.593100256887324
0.0,16.53245530744283,-0.5551198720148433,-2.0464974346989386
0.0,19.981873996776727,1.5515491530263827,-3.826070072987457
0.0,20.296088649863158,-7.836338180683525,-4.361810469124335
0.0,19.700219918430715,-0.15656877815172845,-4.711685962783637
1.0,7.350862600108734,-4.581126637092528,-7.394061901975857
1.0,9.461974795984379,-0.5153515741782846,-5.489897749846291
0.0,15.73098080992494,2.1995657528245034,-3.394631197328505
0.0,24.123681792913366,0.3806123902747707,-2.190530336550379
1.0,4.104860713735686,5.6722679338533535,-7.402401586683787
0.0,20.28192200823718,2.6066606634194427,-5.0323888887444586
0.0,22.83302360687246,-0.3247594418543257,-3.3641446323948103
0.0,15.36387810291069,1.1951501814619463,-5.527692419528311
1.0,9.282817802771218,4.558013108699244,-4.797253519999391
0.0,21.449662591336995,5.685100463137036,-5.221737029382933
0.0,19.602657841120674,-1.8695685573364105,-1.44298719922605
0.0,24.696969103768158,-0.4196284341999147,-1.5922502161824887
0.0,23.756516432898906,-0.8324125254327405,-2.1068857772103673
1.0,9.562540485428194,3.4148455148629875,-6.351186384866199
1.0,8.755781734436285,6.042013881239158,-5.282002271252501
0.0,21.183814601926173,-0.39542589395645444,-4.664479536276551
0.0,16.362790358989436,-4.168483797973291,-2.422880950135321
1.0,8.713663791066262,-0.51074250876826,-5.607355070622795
0.0,16.243583899589,-2.30006492263372,-4.527540771400563
0.0,23.891687891276373,-5.562651440050594,-3.50514954673384
0.0,20.299864939321882,-0.4743007895797671,-4.492096795941563
0.0,27.564424976248247,-0.05933859731282065,-1.7832295697533325
1.0,11.334235026953555,2.366401450301439,-6.355092765589684
0.0,23.05495570141304,0.20117209256795832,-4.921655275452104
1.0,10.002890419595076,-1.1263646638286042,-6.586293810832023
0.0,21.248543711389495,-8.677997413169495,-4.4404506302127205
0.0,25.03619390630767,0.8522569904280933,-5.814615271794619
0.0,24.21899129068165,1.4630502174799371,-4.290283614474872
0.0,22.262895216570328,-5.266257094825386,-2.3113909837145545
0.0,21.760234832158286,-1.6310414546808074,-3.5199765784553145
1.0,8.66366623101219,1.4860275691669278,-7.250420470505049
0.0,19.01817508472088,2.1262746538366573,-4.634437038801444
0.0,20.14511620399147,2.8578671417785952,-5.846952622892777
0.0,21.319256793235233,3.976681788543673,-1.3828339531176246
0.0,18.32799769169632,4.884290009686754,-4.2286730236780254
0.0,18.71355401251472,-1.5553308254107026,-5.513815606260939
1.0,6.8697917464789855,-0.6939419946686274,-6.351135044645682
0.0,22.989873809144477,-5.2393697571319375,-6.28941904978538
0.0,21.72469674683223,-0.24051429161068943,-4.876130895769737
0.0,18.140237934180625,0.44022124223776005,-5.07193084715353
1.0,7.571505641016858,-1.4772534227260534,-7.556641595214212
1.0,7.430217806603357,2.604220348661991,-6.836763398787791
0.0,20.20871817811613,-0.3173301879182887,-4.246011652277654
1.0,9.605598365568058,1.75550554257701,-4.5945345045652015
1.0,12.14253664390597,5.693887886089185,-6.835950005915485
1.0,4.246317420856606,0.33787456103270197,-4.737823265100278
0.0,21.895888994595822,2.5257398217387688,-5.349127978442983
0.0,20.600862760959558,-1.3919376759288076,-4.129765606916459
0.0,22.671991268915786,0.304114463703238,-5.719080249452533
0.0,20.117743714316628,-0.05680350453081745,-4.5230063182482425
0.0,23.303535273282893,-2.844882323162481,-3.333383697867393
0.0,19.663667948692158,0.9052951871543348,-4.183895304337344
0.0,20.835546824850052,5.778030802378032,-4.894479617795211
1.0,5.824140917489812,3.7817145403184087,-5.83297165233491
0.0,21.29107620936812,1.4195336432814436,-3.484113497041096
0.0,22.82290160541758,-4.969616213378926,-3.5361480258891937
0.0,25.891749666064566,-3.750706035124123,-3.412187329852057
0.0,25.834768575020213,-2.472494323079316,-3.871533308097575
1.0,9.315140229082871,0.4107572873920723,-6.218693606645133
0.0,18.564487644544865,-1.36951240388768,-6.160834575886616
0.0,26.17074997442444,0.47136640961799803,-3.6607643866276782
1.0,2.2209638836524004,-2.3301565213681985,-6.550183903992217
0.0,24.601765195260022,-0.2273732975070979,-2.608529776645815
0.0,23.20202444118153,1.4700107939310985,-2.117872467063571
0.0,22.56597176410043,-1.1723012506358637,-2.5496042541467285
0.0,24.687675121290454,-0.6080286700799701,-3.1433104561982406
1.0,5.25050143535236,-1.378598806996949,-6.328755302998217
0.0,20.227181642352853,0.8246562448213893,-3.2042507119718153
1.0,8.334054015938326,-3.657168917125351,-7.237734201353392
1.0,4.537749546600523,-1.4159535571647588,-6.940237821033188
0.0,23.297865460495952,0.5421350259510407,-4.207366988278589
0.0,21.649098022470323,-2.440514052407299,-5.967621814969502
0.0,22.921763886113126,2.032567051949788,-2.4921479089141747
1.0,2.993354528693584,0.8464798331672588,-5.253343760661786
1.0,7.387877219802967,0.4569340374733425,-7.360317694363566
1.0,5.960557280358529,5.998303411338532,-5.860660081495087
0.0,25.976251416726658,-0.32232159656655157,-4.064937330744434
1.0,6.309879863220749,0.6900485374816172,-6.237519220674718
1.0,7.521658021092335,1.7698413892590568,-8.560779716810144
1.0,10.503888561315987,4.14324967083339,-5.369538662147527
0.0,21.869119310451666,5.0981832304717365,-1.9810113677413697
0.0,24.79288306866442,-1.1304426480463787,-6.718054260128129
0.0,17.9120062482484,4.383928059722401,-3.712375369983398
1.0,2.8864348180473742,0.10286683976086075,-5.230187483274688
0.0,22.111594971139496,-2.9627718913438126,-2.9860233243208096
0.0,22.41715148969678,2.3181541392716567,-3.974225934919041
0.0,18.022722033106945,-0.08535396740810469,-2.9043142375186033
0.0,22.251815824995436,1.594569544560382,-4.0014139031038845
